250 250
-----
-----
0
-1
0
0
62500
-1
0
1 1 1 1 1 1 1 1 1 1 
-----
-----
-----
1
0
11
0
0
0
1
0 0 0 0 0 0 0 0 0 0 
-----
0 0 250 250
-----
-----
2
0
1
30728
48368
30728
1
0 0 0 1 1 0 0 1 0 1 
0 0 167 184 0
-----
0 184 167 66
-----
-----
3
2
15
42113
42113
42113
2
0 0 0 0 0 0 0 0 0 0 
167 0 69 165 9
0 0 167 184 0
-----
167 165 69 85
236 0 14 250
0 184 167 66
-----
-----
4
2
16
30728
-1
42113
2
0 0 0 1 1 0 0 1 0 1 
0 0 167 184 0
-----
167 0 83 250
0 184 167 66
-----
-----
5
2
14
40496
46516
42113
2
0 0 0 0 1 0 0 0 0 0 
167 0 66 148 7
0 0 167 184 0
-----
233 0 17 148
0 184 167 66
-----
-----
6
5
17
46516
46516
46516
3
0 0 0 0 0 0 0 0 0 0 
167 148 70 86 4
167 0 66 148 7
0 0 167 184 0
-----
237 148 13 86
167 234 83 16
233 0 17 148
0 184 167 66
-----
-----
7
5
18
40496
-1
46516
3
0 0 0 0 1 0 0 0 0 0 
167 0 66 148 7
0 0 167 184 0
-----
167 148 83 102
233 0 17 148
0 184 167 66
-----
-----
8
2
12
42348
48368
46516
2
0 0 0 0 1 0 0 0 0 0 
167 0 83 140 3
0 0 167 184 0
-----
0 184 167 66
-----
-----
9
8
19
48368
48368
48368
3
0 0 0 0 0 0 0 0 0 0 
167 140 70 86 4
167 0 83 140 3
0 0 167 184 0
-----
237 140 13 86
167 226 83 24
0 184 167 66
-----
-----
10
8
20
42348
-1
48368
3
0 0 0 0 1 0 0 0 0 0 
167 0 83 140 3
0 0 167 184 0
-----
167 140 83 110
0 184 167 66
-----
-----
11
2
13
36748
48368
48368
2
0 0 0 1 0 0 0 1 0 0 
167 0 70 86 4
0 0 167 184 0
-----
237 0 13 86
0 184 167 66
-----
-----
12
0
3
25384
58157
48368
1
0 0 0 1 1 0 0 1 0 1 
0 0 167 152 2
-----
-----
-----
13
12
21
31404
31404
48368
2
0 0 0 0 0 0 0 0 0 0 
0 152 70 86 4
0 0 167 152 2
-----
70 152 97 86
0 238 167 12
-----
-----
14
12
22
25384
-1
48368
2
0 0 0 1 1 0 0 1 0 1 
0 0 167 152 2
-----
0 152 167 98
-----
-----
15
0
6
23738
47625
48368
1
0 0 0 1 1 0 0 1 1 1 
0 0 143 166 5
-----
0 166 143 84
-----
-----
16
0
7
19200
62324
48368
1
0 1 0 1 1 0 0 1 1 1 
0 0 120 160 6
-----
-----
-----
17
16
25
25220
-1
48368
2
0 1 0 1 0 0 0 1 1 1 
120 0 70 86 4
0 0 120 160 6
-----
0 160 120 90
190 0 60 86
-----
-----
18
16
23
32652
38672
48368
2
0 0 0 0 1 0 0 0 0 0 
120 0 114 118 1
0 0 120 160 6
-----
234 0 16 118
-----
-----
19
16
24
30820
36840
48368
2
0 0 0 0 1 0 0 0 0 0 
120 0 83 140 3
0 0 120 160 6
-----
203 0 47 140
-----
-----
20
16
26
28968
34988
48368
2
0 0 0 0 1 0 0 0 0 0 
120 0 66 148 7
0 0 120 160 6
-----
186 0 64 148
-----
-----
21
16
27
31467
37487
48368
2
0 0 0 0 1 0 0 0 0 0 
120 0 87 141 8
0 0 120 160 6
-----
207 0 43 141
-----
-----
22
16
28
30585
-1
48368
2
0 1 0 1 1 0 0 1 1 0 
120 0 69 165 9
0 0 120 160 6
-----
189 0 61 165
120 165 69 85
-----
0 165 120 165
-----
23
16
29
19200
-1
48368
2
0 1 0 1 1 0 0 1 1 1 
0 0 120 160 6
-----
120 0 130 160
-----
-----
24
0
2
13452
62324
48368
1
0 0 0 1 1 0 1 1 1 1 
0 0 114 118 1
-----
-----
-----
25
24
31
19472
-1
48368
2
0 0 0 1 0 0 1 1 1 1 
114 0 70 86 4
0 0 114 118 1
-----
0 118 114 132
-----
-----
26
24
30
25072
31092
48368
2
0 0 0 0 1 0 0 0 0 0 
114 0 83 140 3
0 0 114 118 1
-----
197 0 53 140
-----
0 140 114 140
-----
27
24
32
32652
38672
48368
2
0 0 0 0 1 0 0 0 0 0 
114 0 120 160 6
0 0 114 118 1
-----
234 0 16 160
-----
0 160 114 160
-----
28
24
33
23220
40625
48368
2
0 0 0 0 1 0 0 0 0 1 
114 0 66 148 7
0 0 114 118 1
-----
-----
0 148 114 148
-----
29
24
34
25719
31739
48368
2
0 0 0 0 1 0 0 0 0 0 
114 0 87 141 8
0 0 114 118 1
-----
201 0 49 141
-----
0 141 114 141
-----
30
24
35
24837
40625
48368
2
0 0 0 0 1 0 0 1 0 0 
114 0 69 165 9
0 0 114 118 1
-----
114 165 69 85
-----
0 165 114 165
-----
31
24
36
13452
-1
48368
2
0 0 0 1 1 0 1 1 1 1 
0 0 114 118 1
-----
114 0 136 118
-----
-----
32
0
9
12267
62324
48368
1
0 1 0 1 1 1 1 1 0 1 
0 0 87 141 8
-----
-----
-----
33
32
39
18287
39675
48368
2
0 0 0 1 0 0 0 1 0 0 
87 0 70 86 4
0 0 87 141 8
-----
0 141 87 109
-----
-----
34
32
37
25719
31739
48368
2
0 0 0 0 1 0 0 0 0 0 
87 0 114 118 1
0 0 87 141 8
-----
201 0 49 118
-----
-----
35
32
38
23887
29907
48368
2
0 0 0 0 1 0 0 0 0 0 
87 0 83 140 3
0 0 87 141 8
-----
-----
-----
36
32
40
36005
-1
48368
2
0 1 0 1 1 0 1 1 0 1 
87 0 143 166 5
0 0 87 141 8
-----
230 0 20 166
87 166 143 84
-----
0 166 87 166
-----
37
32
41
31467
37487
48368
2
0 0 0 0 1 0 0 0 0 0 
87 0 120 160 6
0 0 87 141 8
-----
207 0 43 160
-----
0 160 87 160
-----
38
32
42
22035
51060
48368
2
0 0 0 1 1 0 0 0 0 1 
87 0 66 148 7
0 0 87 141 8
-----
-----
0 148 87 148
-----
39
38
45
28055
28055
48368
3
0 0 0 0 0 0 0 0 0 0 
0 141 70 86 4
87 0 66 148 7
0 0 87 141 8
-----
70 141 17 7
70 148 83 79
0 227 153 23
-----
-----
40
38
46
22035
28055
48368
3
0 0 0 0 1 0 0 0 0 0 
87 0 66 148 7
0 0 87 141 8
-----
0 141 87 7
-----
-----
41
32
43
23652
51060
48368
2
0 0 0 1 1 0 0 1 0 0 
87 0 69 165 9
0 0 87 141 8
-----
87 165 69 85
-----
0 165 87 165
-----
42
41
47
29672
29672
48368
3
0 0 0 0 0 0 0 0 0 0 
0 141 70 86 4
87 0 69 165 9
0 0 87 141 8
-----
70 141 17 24
70 165 17 62
0 227 87 23
87 165 69 85
-----
-----
43
41
48
23652
-1
48368
3
0 0 0 1 1 0 0 1 0 0 
87 0 69 165 9
0 0 87 141 8
-----
0 141 87 24
0 165 87 85
87 165 69 85
-----
-----
44
32
44
12267
-1
48368
2
0 1 0 1 1 1 1 1 0 1 
0 0 87 141 8
-----
87 0 163 141
-----
-----
45
0
4
11620
62224
48368
1
1 1 1 0 1 1 1 1 1 1 
0 0 83 140 3
-----
-----
-----
46
45
52
17640
39675
48368
2
0 0 0 0 0 0 0 1 1 0 
83 0 70 86 4
0 0 83 140 3
-----
0 140 83 110
-----
-----
47
45
49
42348
48368
48368
2
0 0 0 0 1 0 0 0 0 0 
83 0 167 184 0
0 0 83 140 3
-----
83 184 167 66
-----
0 184 83 184
-----
48
45
50
25072
31092
48368
2
0 0 0 0 1 0 0 0 0 0 
83 0 114 118 1
0 0 83 140 3
-----
197 0 53 118
-----
-----
49
45
51
37004
43024
48368
2
0 0 0 0 1 0 0 0 0 0 
83 0 167 152 2
0 0 83 140 3
-----
-----
0 152 83 152
-----
50
45
53
35358
-1
48368
2
1 1 1 0 1 0 1 1 1 1 
83 0 143 166 5
0 0 83 140 3
-----
226 0 24 166
83 166 143 84
-----
0 166 83 166
-----
51
45
54
30820
36840
48368
2
0 0 0 0 1 0 0 0 0 0 
83 0 120 160 6
0 0 83 140 3
-----
203 0 47 160
-----
0 160 83 160
-----
52
45
55
21388
51060
48368
2
0 0 0 0 1 0 0 0 1 1 
83 0 66 148 7
0 0 83 140 3
-----
-----
0 148 83 148
-----
53
52
59
27408
27408
48368
3
0 0 0 0 0 0 0 0 0 0 
0 140 70 86 4
83 0 66 148 7
0 0 83 140 3
-----
70 140 13 8
70 148 79 78
0 226 149 24
-----
-----
54
52
60
21388
27408
48368
3
0 0 0 0 1 0 0 0 0 0 
83 0 66 148 7
0 0 83 140 3
-----
0 140 83 8
-----
-----
55
45
56
23887
51060
48368
2
0 0 0 0 1 0 0 1 0 1 
83 0 87 141 8
0 0 83 140 3
-----
-----
0 141 83 141
-----
56
55
61
29907
29907
48368
3
0 0 0 0 0 0 0 0 0 0 
0 140 70 86 4
83 0 87 141 8
0 0 83 140 3
-----
70 140 13 1
70 141 100 85
0 226 170 24
-----
-----
57
55
62
23887
29907
48368
3
0 0 0 0 1 0 0 0 0 0 
83 0 87 141 8
0 0 83 140 3
-----
0 140 83 1
-----
-----
58
45
57
23005
51060
48368
2
0 0 0 0 1 0 0 1 1 0 
83 0 69 165 9
0 0 83 140 3
-----
83 165 69 85
-----
0 165 83 165
-----
59
58
63
29025
29025
48368
3
0 0 0 0 0 0 0 0 0 0 
0 140 70 86 4
83 0 69 165 9
0 0 83 140 3
-----
70 140 13 25
70 165 13 61
0 226 83 24
83 165 69 85
-----
-----
60
58
64
23005
-1
48368
3
0 0 0 0 1 0 0 1 1 0 
83 0 69 165 9
0 0 83 140 3
-----
0 140 83 25
0 165 83 85
83 165 69 85
-----
-----
61
45
58
11620
-1
48368
2
1 1 1 0 1 1 1 1 1 1 
0 0 83 140 3
-----
83 0 167 140
-----
-----
62
0
5
6020
62467
48368
1
1 1 1 1 0 1 1 1 1 1 
0 0 70 86 4
-----
-----
-----
63
62
71
15788
-1
48368
2
1 1 1 1 0 1 1 0 1 1 
70 0 66 148 7
0 0 70 86 4
-----
0 86 70 62
0 148 136 102
-----
-----
64
62
65
36748
-1
48368
2
0 1 1 1 0 1 1 1 1 1 
70 0 167 184 0
0 0 70 86 4
-----
237 0 13 184
70 184 167 66
237 184 13 66
-----
0 184 70 184
-----
65
62
66
19472
-1
48368
2
1 0 1 1 0 1 1 1 1 1 
70 0 114 118 1
0 0 70 86 4
-----
70 118 114 132
-----
0 118 70 118
-----
66
62
67
31404
-1
48368
2
1 1 0 1 0 1 1 1 1 1 
70 0 167 152 2
0 0 70 86 4
-----
237 0 13 152
70 152 167 98
-----
0 152 70 152
-----
67
62
68
17640
51060
48368
2
0 0 0 0 0 0 0 1 1 1 
70 0 83 140 3
0 0 70 86 4
-----
70 140 83 110
-----
0 140 70 140
-----
68
67
75
27408
27408
48368
3
0 0 0 0 0 0 0 0 0 0 
0 86 66 148 7
70 0 83 140 3
0 0 70 86 4
-----
66 86 4 54
66 140 4 94
0 234 70 16
70 140 83 110
-----
-----
69
67
76
17640
-1
48368
3
0 0 0 0 0 0 0 1 1 1 
70 0 83 140 3
0 0 70 86 4
-----
0 86 70 54
0 140 70 110
70 140 83 110
-----
-----
70
62
69
29758
-1
48368
2
1 1 1 1 0 0 1 1 1 1 
70 0 143 166 5
0 0 70 86 4
-----
213 0 37 166
70 166 143 84
-----
0 166 70 166
-----
71
62
70
25220
-1
48368
2
1 1 1 1 0 1 0 1 1 1 
70 0 120 160 6
0 0 70 86 4
-----
190 0 60 160
70 160 120 90
-----
0 160 70 160
-----
72
62
72
18287
51060
48368
2
0 0 0 1 0 0 0 1 0 1 
70 0 87 141 8
0 0 70 86 4
-----
70 141 87 109
-----
0 141 70 141
-----
73
72
77
28055
28055
48368
3
0 0 0 0 0 0 0 0 0 0 
0 86 66 148 7
70 0 87 141 8
0 0 70 86 4
-----
66 86 4 55
66 141 4 93
0 234 70 16
70 141 87 109
-----
-----
74
72
78
18287
-1
48368
3
0 0 0 1 0 0 0 1 0 1 
70 0 87 141 8
0 0 70 86 4
-----
0 86 70 55
0 141 70 109
70 141 87 109
-----
-----
75
62
73
17405
51060
48368
2
0 0 0 1 0 0 0 1 1 0 
70 0 69 165 9
0 0 70 86 4
-----
70 165 69 85
-----
0 165 70 165
-----
76
75
79
27173
27173
48368
3
0 0 0 0 0 0 0 0 0 0 
0 86 66 148 7
70 0 69 165 9
0 0 70 86 4
-----
66 86 4 79
66 165 4 69
0 234 70 16
70 165 69 85
-----
-----
77
75
80
17405
-1
48368
3
0 0 0 1 0 0 0 1 1 0 
70 0 69 165 9
0 0 70 86 4
-----
0 86 70 79
0 165 70 85
70 165 69 85
-----
-----
78
62
74
6020
-1
48368
2
1 1 1 1 0 1 1 1 1 1 
0 0 70 86 4
-----
70 0 180 86
-----
-----
79
0
10
11385
56511
48368
1
1 1 1 1 1 1 1 1 1 0 
0 0 69 165 9
-----
0 165 69 85
-----
-----
80
79
90
11385
-1
48368
2
1 1 1 1 1 1 1 1 1 0 
0 0 69 165 9
-----
69 0 181 250
0 165 69 85
-----
-----
81
79
87
30585
-1
48368
2
1 1 1 1 1 1 0 1 1 0 
69 0 120 160 6
0 0 69 165 9
-----
189 0 61 160
0 165 69 85
-----
-----
82
79
83
36769
36769
48368
2
0 0 0 0 0 0 0 0 0 0 
69 0 167 152 2
0 0 69 165 9
-----
236 0 14 152
0 165 69 85
-----
-----
83
79
82
24837
24837
48368
2
0 0 0 0 0 0 0 0 0 0 
69 0 114 118 1
0 0 69 165 9
-----
0 165 69 85
-----
-----
84
79
85
17405
51060
48368
2
0 0 0 1 0 0 0 1 1 0 
69 0 70 86 4
0 0 69 165 9
-----
0 165 69 85
-----
-----
85
79
81
42113
-1
48368
2
0 1 1 1 1 1 1 1 1 0 
69 0 167 184 0
0 0 69 165 9
-----
69 184 167 66
0 165 69 85
-----
-----
86
79
86
35123
-1
48368
2
1 1 1 1 1 0 1 1 1 0 
69 0 143 166 5
0 0 69 165 9
-----
69 166 143 84
0 165 69 85
-----
-----
87
79
89
23652
29672
48368
2
0 0 0 0 1 0 0 0 0 0 
69 0 87 141 8
0 0 69 165 9
-----
0 165 69 85
-----
-----
88
84
93
29672
29672
48368
3
0 0 0 0 0 0 0 0 0 0 
69 86 87 141 8
69 0 70 86 4
0 0 69 165 9
-----
139 0 17 86
69 227 87 23
0 165 69 85
-----
-----
89
79
84
23005
29025
48368
2
0 0 0 0 1 0 0 0 0 0 
69 0 83 140 3
0 0 69 165 9
-----
0 165 69 85
-----
-----
90
84
91
29025
29025
48368
3
0 0 0 0 0 0 0 0 0 0 
69 86 83 140 3
69 0 70 86 4
0 0 69 165 9
-----
139 0 13 86
69 226 83 24
0 165 69 85
-----
-----
91
84
92
27173
51060
48368
3
0 0 0 1 0 0 0 0 1 0 
69 86 66 148 7
69 0 70 86 4
0 0 69 165 9
-----
69 234 66 16
0 165 69 85
-----
-----
92
91
97
27173
-1
48368
4
0 0 0 1 0 0 0 0 1 0 
69 86 66 148 7
69 0 70 86 4
0 0 69 165 9
-----
139 0 111 86
69 234 66 16
0 165 69 85
-----
-----
93
91
96
39440
-1
48368
4
0 0 0 1 0 0 0 0 0 0 
139 0 87 141 8
69 86 66 148 7
69 0 70 86 4
0 0 69 165 9
-----
135 86 4 55
135 141 91 109
69 234 66 16
0 165 69 85
-----
-----
94
91
95
38793
-1
48368
4
0 0 0 0 0 0 0 0 1 0 
139 0 83 140 3
69 86 66 148 7
69 0 70 86 4
0 0 69 165 9
-----
135 86 4 54
135 140 87 110
69 234 66 16
0 165 69 85
-----
-----
95
84
94
17405
-1
48368
3
0 0 0 1 0 0 0 1 1 0 
69 0 70 86 4
0 0 69 165 9
-----
69 86 70 164
0 165 69 85
-----
-----
96
79
88
21153
27173
48368
2
0 0 0 0 1 0 0 0 0 0 
69 0 66 148 7
0 0 69 165 9
-----
0 165 69 85
-----
-----
97
0
8
9768
60871
48368
1
1 1 1 1 1 1 1 0 1 1 
0 0 66 148 7
-----
-----
-----
98
97
99
23220
29240
48368
2
0 0 0 0 1 0 0 0 0 0 
66 0 114 118 1
0 0 66 148 7
-----
-----
-----
99
97
102
15788
53127
48368
2
0 1 0 1 0 0 0 0 1 0 
66 0 70 86 4
0 0 66 148 7
-----
0 148 66 102
-----
-----
100
99
108
29240
-1
48368
3
0 0 0 1 0 0 0 0 1 0 
66 86 114 118 1
66 0 70 86 4
0 0 66 148 7
-----
136 0 44 86
180 0 70 204
0 148 66 102
-----
-----
101
97
98
40496
-1
48368
2
0 1 1 1 1 1 1 0 1 1 
66 0 167 184 0
0 0 66 148 7
-----
0 148 66 36
0 184 233 66
-----
-----
102
97
103
33506
-1
48368
2
1 1 1 1 1 0 1 0 1 1 
66 0 143 166 5
0 0 66 148 7
-----
0 148 66 18
0 166 209 84
-----
-----
103
97
104
28968
28968
48368
2
0 0 0 0 0 0 0 0 0 0 
66 0 120 160 6
0 0 66 148 7
-----
0 148 66 12
186 0 64 160
-----
-----
104
99
110
28055
28055
48368
3
0 0 0 0 0 0 0 0 0 0 
66 86 87 141 8
66 0 70 86 4
0 0 66 148 7
-----
136 0 17 86
66 227 87 23
0 148 66 102
-----
-----
105
97
100
35152
35152
48368
2
0 0 0 0 0 0 0 0 0 0 
66 0 167 152 2
0 0 66 148 7
-----
0 148 66 4
233 0 17 152
-----
-----
106
99
109
27408
27408
48368
3
0 0 0 0 0 0 0 0 0 0 
66 86 83 140 3
66 0 70 86 4
0 0 66 148 7
-----
136 0 13 86
66 226 83 24
0 148 66 102
-----
-----
107
97
101
21388
27408
48368
2
0 0 0 0 1 0 0 0 0 0 
66 0 83 140 3
0 0 66 148 7
-----
-----
-----
108
97
105
22035
28055
48368
2
0 0 0 0 1 0 0 0 0 0 
66 0 87 141 8
0 0 66 148 7
-----
-----
-----
109
97
107
9768
-1
48368
2
1 1 1 1 1 1 1 0 1 1 
0 0 66 148 7
-----
66 0 184 148
-----
-----
110
99
111
15788
-1
48368
3
0 1 0 1 0 0 0 0 1 0 
66 0 70 86 4
0 0 66 148 7
-----
66 86 70 164
0 148 66 102
-----
-----
111
97
106
21153
21153
48368
2
0 0 0 0 0 0 0 0 0 0 
66 0 69 165 9
0 0 66 148 7
-----
0 148 66 17
0 165 135 85
-----
-----
